1 2 3 4 5 6 7 10 14 19 22 23 25 37 49 59 65 68 69 85 90 108 151 153 155 156 157 158 163 164 165 166 167 170 172 175 176 178 179 185 186 187 189 193 201 202 203 219 220 223 224 226 227 228 229 230 234 235 236 237 241 243 246 254 255 256 259 260 261 262 263 265 266 267 268 269 270 271 272 273 274 275 279 284 290 291 296 297 304 305 306 309 311 313 316 318 319 326 328 330 335 336 338 341 345 346 347 348 351 362 363 364 367 375 381 393 398 399 401 402 416 418 428 441 446 447 449 450 451 452 463 465 467 476 477 491 494 500 503
20 30 31 33 34 36 38 39 44 46 52 53 55 57 61 62 63 67 88 102 107 141 146 169 300 317 327 332 337 407 411 438 442 443 444
122 233 239 240 242 247 257 264 288 295 315 329 331 333 334 339 340 349 350 352 355 357 370 372 387 406 415 490 493 502
8 9 54 71 95 138 162 168 171 181 188 190 192 218 281 385 395 430 432 435 453 454 480 498 526
73 129 134 152 196 278 293 301 396 434 469 479 485
26 100 109 113 114 160 457 466 470 474 475
180 204 225 282 377 448 455 495
94 115 130 238 249 380
18 70 302 303 322
78 145 251 456
417 431 483
11 15 16 17 24 27 32 40 41 42 43 45 47 48 51 56 58 60 64 66 74 75 76 80 81 82 86 91 92 93 96 97 99 103 110 116 121 131 132 135 136 147 148 154 161 182 191 194 195 199 205 206 221 222 231 244 245 248 253 258 280 298 299 307 310 312 323 344 356 358 360 361 366 369 371 373 374 378 384 388 389 390 405 408 410 412 413 419 423 424 427 429 436 437 445 459 464 468 471 484 486 492 496 497 499 501 504
12 13 21 28 29 35 50 72 77 79 83 84 87 89 98 101 104 105 106 111 112 117 118 119 120 123 124 125 126 127 128 133 137 139 140 142 143 144 149 150 159 173 174 177 183 184 197 198 200 207 208 209 210 211 212 213 214 215 216 217 232 250 252 276 277 283 285 286 287 289 292 294 308 314 320 321 324 325 342 343 353 354 359 365 368 376 379 382 383 386 391 392 394 397 400 403 404 409 414 420 421 422 425 426 433 439 440 458 460 461 462 472 473 478 481 482 487 488 489 505 506 507 508 509 510 511 512 513 514 515 516 517 518 519 520 521 522 523 524 525 527
