1 2 3 4 5 6 7 8 9 10 14 15 16 17 18 19 20 21 22 23 24 25 26 27 28 29 30 31 32 33 34 35 36 37 38 39 40 41 42 43 44 45 46 47 48 49 50 51 52 53 54 55 56 57 58 59 60 61 62 63 64 65 66 67 68 69 70 71 73 74 75 76 77 78 80 81 82 95 96 99 100 101 102 103 104 105 107 108 109 110 111 112 113 114 115 116 117 121 122 125 127 130 131 132 133 135 136 137 138 139 140 141 142 148 151 153 154 155 156 160 161 162 166 169 172 179 180 194 199 200 214 217 218 219 220 221 224 225 228 232 238 239 240 241 242 244 245 247 248 249 254 255 256 261 263 264 266 267 272 284 290 299 300 302 303 304 305 308 309 310 315 317 323 324 327 329 332 337 339 340 342 343 344 349 350 353 355 357 358 359 360 361 362 363 364 365 370 377 378 381 387 388 390 391 393 394 395 403 404 405 407 408 409 410 411 412 413 415 416 417 418 419 420 422 428 430 431 433 436 437 438 440 441 446 447 448 449 451 453 454 455 456 457 459 460 464 466 467 468 469 470 471 473 474 475 476 477 481 483 491 492 493 494 495 496 497 498 499 500 501 502 503 504 524 526
11
12
13 442 443 444
72 83 84 85 86 87 88 89 90 91 92 93 94 97 98 106 118 119 120 123 124 126 128 129 134 143 144 145 146 147 150 152 157 158 159 163 164 165 167 168 170 171 173 174 175 176 177 178 181 182 183 184 185 186 188 189 190 191 192 193 195 196 197 198 201 202 203 204 205 206 213 223 226 231 251 253 257 259 260 276 277 278 279 280 295 296 301 307 314 322 325 356 384 389 392 400 401 414 421 423 424 432 434 435 445 450 458 462 463 465 479 484 485 486 488 490
79 399 402
149
187
207 208 209 211 212 215 216 222 250 252 258 265 281 282 283 285 286 287 288 289 292 294 297 298 306 320 321 376 379 382 383 385 386 397 398 425 426 427 429 439 452 461 472 478 480 482 487 489 505 510 511 512 513 514 515 516 517 518 519 520 521 522 523 525 527
210
227 229 230 233 234 235 236 237 243 246 262 268 269 270 271 273 274 275 291 311 312 313 316 318 319 326 328 330 331 333 334 335 336 338 341 345 346 347 348 351 352 354 366 367 368 369 371 372 373 374 375 380 406
293
396
