8 9 69 141 159 170 171 178 188 276 337 376 389 407 423 426 428 432 437 447 465 491 501 509 515 519
61 113 231 296 298 312 316 327 403 416 431
16 55 112 144 168 228 325 495
22 24 42 68 107 134 157 450 468 489
149 165 192 246 277 295 478
14 52 58 463
127 297 323
136 508
13 15 25 30 38 39 41 43 45 46 49 53 56 60 62 64 72 73 74 78 79 80 84 89 90 91 94 95 97 108 111 114 119 128 129 130 133 143 145 146 151 158 179 187 190 191 195 200 201 202 216 217 226 233 239 240 243 248 253 273 275 292 293 301 304 306 338 350 352 354 355 360 363 365 366 367 368 371 372 378 382 383 384 401 405 406 417 420 422 424 427 429 430 436 438 441 446 448 449 452 457 459 461 462 464 466 467 472 477 479 488 490 492 494 497
36 101 162 183 222 270 326 328 332 334 342 394 410 484 485
40 221 229 234 235 237 242 252 259 262 283 286 289 294 308 309 317 329 330 331 333 340 343 344 346 349 351 356 364 369 375 381 399 408 412 483 486
11 19 26 27 33 48 70 75 76 77 81 82 85 87 92 93 96 99 102 103 104 109 110 115 116 117 118 120 121 122 123 124 125 126 131 132 135 137 140 142 156 174 180 181 184 186 193 194 196 203 204 205 206 207 208 209 210 211 212 227 244 245 247 271 272 278 280 281 282 284 287 288 302 314 315 318 319 336 347 348 353 359 362 370 373 377 379 380 385 386 388 390 393 396 397 402 413 414 415 418 419 425 433 451 453 454 455 471 474 475 480 481 482 498 499 500 502 503 504 505 506 507 510 511 512 513 514 516 517 518 520
1 2 3 4 5 6 7 10 12 17 20 21 23 35 47 54 57 63 66 67 71 83 88 98 106 138 147 148 150 152 153 154 155 160 161 163 164 167 169 172 173 175 176 182 185 189 197 198 199 213 214 215 218 219 220 223 224 225 230 232 236 238 241 249 250 251 254 255 256 257 258 260 261 263 264 265 266 267 268 269 274 279 285 290 291 299 300 303 305 307 310 313 320 322 324 335 339 341 345 357 358 361 374 387 391 392 395 398 409 411 421 434 439 440 442 443 444 445 456 458 460 469 470 476 487 493 496
18 28 29 31 32 34 37 44 50 51 59 65 86 100 105 139 166 177 311 321 400 404 435 473
