1 2 3 4 5 6 7 10 12 17 20 21 23 35 47 57 63 66 67 83 88 106 148 150 152 153 154 155 160 161 162 163 164 167 169 172 173 175 176 182 183 185 189 197 198 199 214 215 218 219 221 222 223 224 225 229 230 231 232 236 238 241 249 250 251 254 255 256 257 258 260 261 262 263 264 265 266 267 268 269 270 274 279 285 286 290 291 298 299 300 303 305 307 310 312 313 320 322 324 329 330 332 335 339 340 341 342 345 356 357 358 361 369 375 387 391 392 394 395 409 411 421 439 440 442 443 444 445 456 458 460 469 470 484 487 493 496
18 28 29 31 32 34 36 37 42 44 50 51 53 55 59 60 61 65 86 100 105 139 144 166 294 309 311 321 326 331 400 404 431 435 436 437
120 228 234 235 237 242 252 259 283 289 323 325 327 328 333 334 343 344 346 349 351 364 366 381 399 408 483 486 495
8 9 52 69 93 136 159 165 168 178 184 186 188 213 276 379 389 423 425 428 434 446 447 473 491 519
177 200 220 277 371 424 441 448 472 476 488
16 113 244 273 374 398 410 416
295 427 449 462 478
76 143 192 246
92 94 127 233 297 316
11 19 26 27 33 48 70 75 77 81 82 85 87 96 99 102 103 104 109 110 115 116 117 118 121 122 123 124 125 126 131 132 135 137 138 140 141 142 147 156 170 171 174 180 181 193 194 196 203 204 205 206 207 208 209 210 211 212 227 245 247 271 272 278 280 281 282 284 287 288 302 308 314 315 318 319 336 337 347 348 353 359 362 370 373 376 377 380 385 386 388 390 393 396 397 402 407 413 414 415 418 419 426 432 433 451 453 454 455 465 466 471 474 475 480 481 482 498 499 500 501 502 503 504 505 506 507 508 509 510 511 512 513 514 515 516 517 518 520
13 14 15 22 24 25 30 38 39 40 41 43 45 46 49 54 56 58 62 64 68 71 72 73 74 78 79 80 84 89 90 91 95 97 98 101 107 108 111 112 114 119 128 129 130 133 134 145 146 149 151 157 158 179 187 190 191 195 201 202 216 217 226 239 240 243 248 253 275 292 293 296 301 304 306 317 338 350 352 354 355 360 363 365 367 368 372 378 382 383 384 401 403 405 406 412 417 420 422 429 430 438 450 452 457 459 461 463 464 467 468 477 479 485 489 490 492 494 497
