10 71 72 73 74 75 78 79 80 81 85 86 87 92 93 95 97 99 102 103 104 105 106 107 108 109 110 111 112 113 114 116 118 119 120 122 124 126 127 128 131 132 137 140
147 154 155 157 162 163 165 170 172 173 174 176 178 179 181 188 189 191 192 194 201 205 207 209
1 2 11 12 14 15 21 22 25 29 30 33 34 35 45 46 48 49 50 52 53 54 55 56 57 64 67 68 69 135
144 145 146 148 150 151 156 160 164 167 169 171 175 177 182 183 184 190 210
82 83 89 90 94 115 117 121
6 8 13 18 23 36 40 42 47 58 59 141 142 143 185
20 24 43 61 62 63 65 66 166 195 196 197 200 202 203 204 206 208
149 161 168 180 186 199
9 77 84 88 91 98 100 129
3 4 16 17 41 139 198
152 153 158 159 187
7 32 39 51
76 96 101 130 134
27 31 44 125 133 136
5 19 26 37 138
