83 137 314 394 421 460 507 21 29 35 79 106 119 133 142 200 232 252 276 287 321 325 342 353 400 409 462 481 482 487 489 510 12 28 72 84 89 101 112 126 127 177 214 217 250 285 286 289 308 324 354 359 368 392 397 404 420 422 425 517 521 523 524 111 125 128 144 159 173 174 210 211 212 283 292 294 343 365 379 382 386 414 433 439 440 458 461 488 508 516 522 13 50 77 87 98 105 118 120 123 124 139 143 149 184 198 207 208 209 213 216 277 383 391 403 426 472 506 509 512 513 514 519 527 104 117 183 197 215 376 478 505 511 518 520 525 320 515
156 241 476 500 151 185 201 202 223 263 291 446 447 2 3 22 59 69 85 108 155 157 158 163 164 170 172 175 176 178 179 203 219 228 246 260 296 328 341 351 393 399 428 441 449 452 465 467 477 503 5 14 23 37 90 153 166 167 187 189 193 224 254 265 266 284 290 306 309 316 398 402 450 1 6 7 19 25 65 220 230 255 256 259 261 268 269 273 274 279 297 311 345 367 418 451 494 4 10 49 68 229 235 237 243 262 270 272 305 313 319 326 330 347 363 364 416 463 165 186 226 227 236 267 271 275 304 318 338 401 491 234 336 346 362 335 375 381 348
499 32 51 58 93 132 206 222 248 280 358 412 429 437 11 27 43 80 86 121 191 221 384 390 424 436 459 471 99 110 131 147 195 258 310 344 468 486 496 501 41 75 76 148 194 244 56 103 423 492
92 245 323 445 47 81 91 97 135 205 298 299 413 464 17 48 74 82 116 182 199 253 307 360 408 427 484 40 64 66 161 361 366 369 373 374 378 389 497 504 15 45 154 231 312 356 371 388 410 419 42
300 20 33 34 39 102 107 169 327 411 442 30 31 36 52 53 88 317 444 44 55 61 67 141 146 407 46 57 62 63 337 438 443 38 332
122 240 339 493 239 242 247 257 264 288 315 349 350 387 295 357 370 406 490 233 329 331 502 352 372 415 333 334 340 355
301 134 152 196 278 434 469 479 485 8 73 129 293 181 171 188 396
168 281 453 9 192 395 430 498 435 454 526 480
218 483 204 225 180 455 78 282 377 432 385
160 109 114 457 474 475 26 113 100 466 470
24 70 96 130 238 302 138
473 71 162 190
249 380 94 140 417 115
16 54 60 431
405 456 136 145 18
251 448 303 322 495
