9 10 71 72 73 74 75 78 79 80 81 82 83 84 85 86 87 88 89 90 91 92 93 94 95 97 98 99 100 102 103 104 105 106 107 108 109 110 111 112 113 114 115 116 117 118 119 120 121 122 124 126 127 128 129 131 132 137 140
145 146 147 150 151 154 155 156 157 160 162 163 164 165 167 169 170 171 172 173 174 175 176 177 178 179 181 183 184 188 189 191 192 194 201 205 207 209
1 7 11 21 22 30 32 33 35 39 42 45 47 48 49 50 51 52 53 54 55 56 59 67 68 69 142 143
2 3 4 6 8 12 13 14 15 16 17 25 29 34 40 46 57 58 64 198
20 24 61 62 63 148 166 190 195 200 202 203 204 206 210
149 152 153 158 159 161 168 180 186 187 199
18 23 27 31 36 125 135 136 141 185
43 66 196 197 208
76 77 96 101 123 130 134
144 182
44 133 138 139
28 70
60 65
19 41
