373  (2.0)
192  (2.0)
210  (2.0)
349  (2.0)
826  (2.0)
450  (2.1)
774  (2.0)
832  (2.1)
878  (2.0)
970  (2.1)
280  (2.1)
620  (2.1)
472  (2.1)
196  (2.1)
6  (2.1)
744  (2.2)
411  (2.0)
387  (2.1)
738  (2.1)
334  (2.1)
204  (2.2)
579  (2.2)
296  (2.2)
73  (2.2)
27  (2.2)
809  (2.2)
116  (2.2)
874  (2.2)
638  (2.3)
803  (2.2)
229  (2.3)
523  (2.2)
663  (2.4)
780  (2.3)
480  (2.3)
161  (2.3)
788  (2.4)
69  (2.4)
70  (2.4)
242  (2.3)
921  (2.4)
38  (2.4)
392  (2.4)
477  (2.5)
78  (2.5)
48  (2.5)
276  (2.5)
634  (2.5)
778  (2.5)
752  (2.6)
674  (2.5)
593  (2.6)
236  (2.6)
54  (2.6)
413  (2.6)
151  (2.6)
285  (2.6)
132  (2.6)
617  (2.6)
140  (2.7)
653  (2.6)
797  (2.7)
390  (2.7)
606  (2.7)
21  (2.7)
112  (2.7)
274  (2.6)
661  (2.7)
960  (2.7)
93  (2.8)
676  (2.7)
998  (2.7)
522  (2.7)
57  (2.7)
561  (2.8)
782  (2.8)
854  (2.8)
871  (2.8)
631  (2.8)
526  (2.8)
844  (2.8)
569  (2.8)
239  (2.7)
175  (2.8)
944  (2.8)
758  (2.9)
471  (2.9)
548  (2.8)
694  (2.8)
597  (2.9)
571  (2.9)
581  (2.9)
675  (3.0)
72  (2.9)
381  (3.0)
279  (3.0)
918  (3.0)
825  (3.1)
793  (3.1)
886  (3.1)
885  (3.0)
350  (3.1)
798  (3.1)
509  (3.0)
614  (3.1)
8  (3.1)
487  (3.1)
598  (3.2)
75  (3.2)
895  (3.4)
795  (3.4)
510  (3.3)
489  (3.4)
12  (3.4)
346  (3.5)
956  (3.6)
205  (3.6)
71  (3.5)
862  (3.6)
401  (3.7)
888  (3.7)
947  (3.7)
919  (3.7)
541  (3.7)
775  (3.8)
183  (3.9)
966  (3.9)
720  (3.9)
914  (4.0)
538  (4.0)
283  (4.1)
470  (4.1)
682  (4.1)
39  (4.3)
32  (4.2)
789  (4.3)
362  (4.4)
460  (4.4)
438  (4.5)
145  (4.6)
177  (4.6)
937  (4.7)
883  (4.9)
120  (5.0)
419  (5.1)
692  (5.0)
494  (5.1)
217  (5.4)
684  (5.4)
722  (5.8)
354  (5.8)
766  (6.3)
829  (6.8)
529  (7.1)
368  (7.8)
