1 2 9 19 31 34 36 38 39 50 54 56 57 58 59 60 62 68 83 84 85 87 88 90 100 107 112 114 120 122 126 127 133 134 135 136 147 149 151 155 159 172 191 196 212 215 218 225 226 231 234 251 252 254 279 280 283 284 304 305 306 307 309 325 328 331 336 340 347 348 357 358 360 365 370 375 379 380 383 393 402 405 406 408 410 411 413 417 433
10 20 24 25 26 27 28 30 32 35 41 42 43 44 45 47 51 53 63 64 70 73 91 92 109 110 111 115 117 125 175 176 180 181 182 183 185 187 188 190 194 202 204 210 213 219 221 223 228 237 246 255 259 260 261 264 265 266 269 270 271 273 313 319 320 329 332 333 334 338 345 377 390 415 420 427 432
13 18 21 22 33 40 46 48 49 61 69 71 75 93 99 113 128 138 139 140 146 150 154 166 170 173 199 201 203 211 227 233 239 242 244 250 253 256 263 272 281 285 286 293 294 295 298 300 308 312 322 330 337 339 361 367 369 412 416 418 419 423 424 425 426
3 5 6 7 8 12 37 66 67 76 77 79 86 97 98 101 102 121 123 157 161 162 163 164 165 174 198 205 207 208 216 236 240 243 248 267 276 277 297 303 311 314 341 346 354 366 373 376 385 386 389 404 435
23 65 81 106 119 132 144 145 148 153 158 171 178 179 186 193 197 206 209 214 220 235 245 262 268 292 299 302 310 317 318 321 349 355 359 363 381 392 409 429
29 52 74 118 124 142 143 167 224 230 232 258 274 275 278 301 344 350 352 421 428 431 434
89 95 103 217 222 289 290 324 362 368 382 384 387 388 397 399 407 422
15 16 137 156 168 189 192 229 282 296 315 316 364 378 401 414
17 72 78 82 116 129 177 291 342 356 371 374 403 430
4 55 152 200 288 323 327 335 351 353 395 396 398
14 94 130 131 160 195 238 247 343 372
11 80 108 141 169 241 257 287 326 400
