12 13 21 28 29 35 50 72 77 79 83 84 87 89 98 101 104 105 106 111 112 117 118 119 120 123 124 125 126 127 128 133 137 139 142 143 144 149 150 159 173 174 177 183 184 197 198 200 207 208 209 210 211 212 213 214 215 216 217 232 250 252 276 277 283 285 286 287 289 292 294 308 314 320 321 324 325 342 343 353 354 359 365 368 376 379 382 383 386 391 392 394 397 400 403 404 409 414 420 421 422 425 426 433 439 440 458 460 461 462 472 478 481 482 487 488 489 505 506 507 508 509 510 511 512 513 514 515 516 517 518 519 520 521 522 523 524 525 527
1 2 3 4 5 6 7 10 14 19 22 23 25 37 49 59 65 68 69 85 90 108 151 153 155 156 157 158 163 164 165 166 167 170 172 175 176 178 179 185 186 187 189 193 201 202 203 219 220 223 224 226 227 228 229 230 234 235 236 237 241 243 246 254 255 256 259 260 261 262 263 265 266 267 268 269 270 271 272 273 274 275 279 284 290 291 296 297 304 305 306 309 311 313 316 318 319 326 328 330 335 336 338 341 345 346 347 348 351 362 363 364 367 375 381 393 398 399 401 402 416 418 428 441 446 447 449 450 451 452 463 465 467 476 477 491 494 500 503
20 31 33 34 38 44 46 52 53 57 63 67 88 107 141 146 169 317 327 337 407 411 438 442 444
8 18 26 94 114 115 134 171 293 295 301 331 334 340 387 396 457 485 490
9 54 71 95 162 168 181 192 218 281 385 430 480 498 526
24 70 180 225 247 302 349 357 406 475
233 303 322 333 350 380 502
196 249 288 339 405 470
100 109 152 160
122 129 483
73 251
16 60 113 136 140 282
11 15 17 27 30 32 36 39 40 41 42 43 45 47 48 51 55 56 58 61 62 64 66 74 75 76 78 80 81 82 86 91 92 93 96 97 99 102 103 110 116 121 130 131 132 135 138 145 147 148 154 161 182 188 190 191 194 195 199 204 205 206 221 222 231 238 239 240 242 244 245 248 253 257 258 264 278 280 298 299 300 307 310 312 315 323 329 332 344 352 355 356 358 360 361 366 369 370 371 372 373 374 377 378 384 388 389 390 395 408 410 412 413 415 417 419 423 424 427 429 431 432 434 435 436 437 443 445 448 453 454 455 456 459 464 466 468 469 471 473 474 479 484 486 492 493 495 496 497 499 501 504
